1,1.52101,13.64,4.49,1.10,71.78,0.06,8.75,0.00,0.00,1
2,1.51761,13.89,3.60,1.36,72.73,0.48,7.83,0.00,0.00,1
3,1.51618,13.53,3.55,1.54,72.99,0.39,7.78,0.00,0.00,1
4,1.51766,13.21,3.69,1.29,72.61,0.57,8.22,0.00,0.00,1
5,1.51742,13.27,3.62,1.24,73.08,0.55,8.07,0.00,0.00,1
6,1.51596,12.79,3.61,1.62,72.97,0.64,8.07,0.00,0.26,1
7,1.51743,13.30,3.60,1.14,73.09,0.58,8.17,0.00,0.00,1
8,1.51756,13.15,3.61,1.05,73.24,0.57,8.24,0.00,0.00,1
9,1.51918,14.04,3.58,1.37,72.08,0.56,8.30,0.00,0.00,1
10,1.51755,13.00,3.60,1.36,72.99,0.57,8.40,0.00,0.11,1
11,1.51571,12.72,3.46,1.56,73.20,0.67,8.09,0.00,0.24,1
12,1.51763,12.80,3.66,1.27,73.01,0.60,8.56,0.00,0.00,1
13,1.51589,12.88,3.43,1.40,73.28,0.69,8.05,0.00,0.24,1
14,1.51748,12.86,3.56,1.27,73.21,0.54,8.38,0.00,0.17,1
71,1.51574,14.86,3.67,1.74,71.87,0.16,7.36,0.00,0.12,2
72,1.51848,13.64,3.87,1.27,71.96,0.54,8.32,0.00,0.32,2
73,1.51593,13.09,3.59,1.52,73.10,0.67,7.83,0.00,0.00,2
74,1.51631,13.34,3.57,1.57,72.87,0.61,7.89,0.00,0.00,2
75,1.51596,13.02,3.56,1.54,73.11,0.72,7.90,0.00,0.00,2
76,1.51590,13.02,3.58,1.51,73.12,0.69,7.96,0.00,0.00,2
77,1.51645,13.44,3.61,1.54,72.39,0.66,8.03,0.00,0.00,2
78,1.51627,13.00,3.58,1.54,72.83,0.61,8.04,0.00,0.00,2
79,1.51613,13.92,3.52,1.25,72.88,0.37,7.94,0.00,0.14,2
80,1.51590,12.82,3.52,1.90,72.86,0.69,7.97,0.00,0.00,2
81,1.51592,12.86,3.52,2.12,72.66,0.69,7.97,0.00,0.00,2
82,1.51593,13.25,3.45,1.43,73.17,0.61,7.86,0.00,0.00,2
83,1.51646,13.41,3.55,1.25,72.81,0.68,8.10,0.00,0.00,2
84,1.51594,13.09,3.52,1.55,72.87,0.68,8.05,0.00,0.09,2
85,1.51409,14.25,3.09,2.08,72.28,1.10,7.08,0.00,0.00,2
86,1.51625,13.36,3.58,1.49,72.72,0.45,8.21,0.00,0.00,2
147,1.51769,13.65,3.66,1.11,72.77,0.11,8.60,0.00,0.00,3
148,1.51610,13.33,3.53,1.34,72.67,0.56,8.33,0.00,0.00,3
149,1.51670,13.24,3.57,1.38,72.70,0.56,8.44,0.00,0.10,3
150,1.51643,12.16,3.52,1.35,72.89,0.57,8.53,0.00,0.00,3
164,1.51514,14.01,2.68,3.50,69.89,1.68,5.87,2.20,0.00,5
165,1.51915,12.73,1.85,1.86,72.69,0.60,10.09,0.00,0.00,5
166,1.52171,11.56,1.88,1.56,72.86,0.47,11.41,0.00,0.00,5
177,1.51905,14.00,2.39,1.56,72.37,0.00,9.57,0.00,0.00,6
186,1.51131,13.69,3.20,1.81,72.81,1.76,5.43,1.19,0.00,7
187,1.51838,14.32,3.26,2.22,71.25,1.46,5.79,1.63,0.00,7
188,1.52315,13.44,3.34,1.23,72.38,0.60,8.83,0.00,0.00,7
189,1.52247,14.86,2.20,2.06,70.26,0.76,9.76,0.00,0.00,7
190,1.52365,15.79,1.83,1.31,70.43,0.31,8.61,1.68,0.00,7