15,1.51763,12.61,3.59,1.31,73.29,0.58,8.50,0.00,0.00,1
16,1.51761,12.81,3.54,1.23,73.24,0.58,8.39,0.00,0.00,1
17,1.51784,12.68,3.67,1.16,73.11,0.61,8.70,0.00,0.00,1
18,1.52196,14.36,3.85,0.89,71.36,0.15,9.15,0.00,0.00,1
19,1.51911,13.90,3.73,1.18,72.12,0.06,8.89,0.00,0.00,1
20,1.51735,13.02,3.54,1.69,72.73,0.54,8.44,0.00,0.07,1
21,1.51750,12.82,3.55,1.49,72.75,0.54,8.52,0.00,0.19,1
22,1.51966,14.77,3.75,0.29,72.02,0.03,9.00,0.00,0.00,1
23,1.51736,12.78,3.62,1.29,72.79,0.59,8.70,0.00,0.00,1
24,1.51751,12.81,3.57,1.35,73.02,0.62,8.59,0.00,0.00,1
25,1.51720,13.38,3.50,1.15,72.85,0.50,8.43,0.00,0.00,1
26,1.51764,12.98,3.54,1.21,73.00,0.65,8.53,0.00,0.00,1
27,1.51793,13.21,3.48,1.41,72.64,0.59,8.43,0.00,0.00,1
28,1.51721,12.87,3.48,1.33,73.04,0.56,8.43,0.00,0.00,1
87,1.51569,13.24,3.49,1.47,73.25,0.38,8.03,0.00,0.00,2
88,1.51645,13.40,3.49,1.52,72.65,0.67,8.08,0.00,0.10,2
89,1.51618,13.01,3.50,1.48,72.89,0.60,8.12,0.00,0.00,2
90,1.51640,12.55,3.48,1.87,73.23,0.63,8.08,0.00,0.09,2
91,1.51841,12.93,3.74,1.11,72.28,0.64,8.96,0.00,0.22,2
92,1.51605,12.90,3.44,1.45,73.06,0.44,8.27,0.00,0.00,2
93,1.51588,13.12,3.41,1.58,73.26,0.07,8.39,0.00,0.19,2
94,1.51590,13.24,3.34,1.47,73.10,0.39,8.22,0.00,0.00,2
95,1.51629,12.71,3.33,1.49,73.28,0.67,8.24,0.00,0.00,2
96,1.51860,13.36,3.43,1.43,72.26,0.51,8.60,0.00,0.00,2
97,1.51841,13.02,3.62,1.06,72.34,0.64,9.13,0.00,0.15,2
98,1.51743,12.20,3.25,1.16,73.55,0.62,8.90,0.00,0.24,2
99,1.51689,12.67,2.88,1.71,73.21,0.73,8.54,0.00,0.00,2
100,1.51811,12.96,2.96,1.43,72.92,0.60,8.79,0.14,0.00,2
101,1.51655,12.75,2.85,1.44,73.27,0.57,8.79,0.11,0.22,2
151,1.51665,13.14,3.45,1.76,72.48,0.60,8.38,0.00,0.17,3
152,1.52127,14.32,3.90,0.83,71.50,0.00,9.49,0.00,0.00,3
153,1.51779,13.64,3.65,0.65,73.00,0.06,8.93,0.00,0.00,3
154,1.51610,13.42,3.40,1.22,72.69,0.59,8.32,0.00,0.00,3
167,1.52151,11.03,1.71,1.56,73.44,0.58,11.62,0.00,0.00,5
168,1.51969,12.64,0.00,1.65,73.75,0.38,11.53,0.00,0.00,5
169,1.51666,12.86,0.00,1.83,73.88,0.97,10.17,0.00,0.00,5
178,1.51937,13.79,2.41,1.19,72.76,0.00,9.77,0.00,0.00,6
179,1.51829,14.46,2.24,1.62,72.38,0.00,9.26,0.00,0.00,6
191,1.51613,13.88,1.78,1.79,73.10,0.00,8.67,0.76,0.00,7
192,1.51602,14.85,0.00,2.38,73.28,0.00,8.76,0.64,0.09,7
193,1.51623,14.20,0.00,2.79,73.46,0.04,9.04,0.40,0.09,7
194,1.51719,14.75,0.00,2.00,73.02,0.00,8.53,1.59,0.08,7
195,1.51683,14.56,0.00,1.98,73.29,0.00,8.52,1.57,0.07,7
196,1.51545,14.14,0.00,2.68,73.39,0.08,9.07,0.61,0.05,7