29,1.51768,12.56,3.52,1.43,73.15,0.57,8.54,0.00,0.00,1
30,1.51784,13.08,3.49,1.28,72.86,0.60,8.49,0.00,0.00,1
31,1.51768,12.65,3.56,1.30,73.08,0.61,8.69,0.00,0.14,1
32,1.51747,12.84,3.50,1.14,73.27,0.56,8.55,0.00,0.00,1
33,1.51775,12.85,3.48,1.23,72.97,0.61,8.56,0.09,0.22,1
34,1.51753,12.57,3.47,1.38,73.39,0.60,8.55,0.00,0.06,1
35,1.51783,12.69,3.54,1.34,72.95,0.57,8.75,0.00,0.00,1
36,1.51567,13.29,3.45,1.21,72.74,0.56,8.57,0.00,0.00,1
37,1.51909,13.89,3.53,1.32,71.81,0.51,8.78,0.11,0.00,1
38,1.51797,12.74,3.48,1.35,72.96,0.64,8.68,0.00,0.00,1
39,1.52213,14.21,3.82,0.47,71.77,0.11,9.57,0.00,0.00,1
40,1.52213,14.21,3.82,0.47,71.77,0.11,9.57,0.00,0.00,1
41,1.51793,12.79,3.50,1.12,73.03,0.64,8.77,0.00,0.00,1
42,1.51755,12.71,3.42,1.20,73.20,0.59,8.64,0.00,0.00,1
102,1.51730,12.35,2.72,1.63,72.87,0.70,9.23,0.00,0.00,2
103,1.51820,12.62,2.76,0.83,73.81,0.35,9.42,0.00,0.20,2
104,1.52725,13.80,3.15,0.66,70.57,0.08,11.64,0.00,0.00,2
105,1.52410,13.83,2.90,1.17,71.15,0.08,10.79,0.00,0.00,2
106,1.52475,11.45,0.00,1.88,72.19,0.81,13.24,0.00,0.34,2
107,1.53125,10.73,0.00,2.10,69.81,0.58,13.30,3.15,0.28,2
108,1.53393,12.30,0.00,1.00,70.16,0.12,16.19,0.00,0.24,2
109,1.52222,14.43,0.00,1.00,72.67,0.10,11.52,0.00,0.08,2
110,1.51818,13.72,0.00,0.56,74.45,0.00,10.99,0.00,0.00,2
111,1.52664,11.23,0.00,0.77,73.21,0.00,14.68,0.00,0.00,2
112,1.52739,11.02,0.00,0.75,73.08,0.00,14.96,0.00,0.00,2
113,1.52777,12.64,0.00,0.67,72.02,0.06,14.40,0.00,0.00,2
114,1.51892,13.46,3.83,1.26,72.55,0.57,8.21,0.00,0.14,2
115,1.51847,13.10,3.97,1.19,72.44,0.60,8.43,0.00,0.00,2
116,1.51846,13.41,3.89,1.33,72.38,0.51,8.28,0.00,0.00,2
155,1.51694,12.86,3.58,1.31,72.61,0.61,8.79,0.00,0.00,3
156,1.51646,13.04,3.40,1.26,73.01,0.52,8.58,0.00,0.00,3
157,1.51655,13.41,3.39,1.28,72.64,0.52,8.65,0.00,0.00,3
170,1.51994,13.27,0.00,1.76,73.03,0.47,11.32,0.00,0.00,5
171,1.52369,13.44,0.00,1.58,72.22,0.32,12.24,0.00,0.00,5
180,1.51852,14.09,2.19,1.66,72.67,0.00,9.32,0.00,0.00,6
181,1.51299,14.40,1.74,1.54,74.55,0.00,7.59,0.00,0.00,6
197,1.51556,13.87,0.00,2.54,73.23,0.14,9.41,0.81,0.01,7
198,1.51727,14.70,0.00,2.34,73.28,0.00,8.95,0.66,0.00,7
199,1.51531,14.38,0.00,2.66,73.10,0.04,9.08,0.64,0.00,7
200,1.51609,15.01,0.00,2.51,73.05,0.05,8.83,0.53,0.00,7
201,1.51508,15.15,0.00,2.25,73.50,0.00,8.34,0.63,0.00,7
202,1.51653,11.95,0.00,1.19,75.18,2.70,8.93,0.00,0.00,7