43,1.51779,13.21,3.39,1.33,72.76,0.59,8.59,0.00,0.00,1
44,1.52210,13.73,3.84,0.72,71.76,0.17,9.74,0.00,0.00,1
45,1.51786,12.73,3.43,1.19,72.95,0.62,8.76,0.00,0.30,1
46,1.51900,13.49,3.48,1.35,71.95,0.55,9.00,0.00,0.00,1
47,1.51869,13.19,3.37,1.18,72.72,0.57,8.83,0.00,0.16,1
48,1.52667,13.99,3.70,0.71,71.57,0.02,9.82,0.00,0.10,1
49,1.52223,13.21,3.77,0.79,71.99,0.13,10.02,0.00,0.00,1
50,1.51898,13.58,3.35,1.23,72.08,0.59,8.91,0.00,0.00,1
51,1.52320,13.72,3.72,0.51,71.75,0.09,10.06,0.00,0.16,1
52,1.51926,13.20,3.33,1.28,72.36,0.60,9.14,0.00,0.11,1
53,1.51808,13.43,2.87,1.19,72.84,0.55,9.03,0.00,0.00,1
54,1.51837,13.14,2.84,1.28,72.85,0.55,9.07,0.00,0.00,1
55,1.51778,13.21,2.81,1.29,72.98,0.51,9.02,0.00,0.09,1
56,1.51769,12.45,2.71,1.29,73.70,0.56,9.06,0.00,0.24,1
117,1.51829,13.24,3.90,1.41,72.33,0.55,8.31,0.00,0.10,2
118,1.51708,13.72,3.68,1.81,72.06,0.64,7.88,0.00,0.00,2
119,1.51673,13.30,3.64,1.53,72.53,0.65,8.03,0.00,0.29,2
120,1.51652,13.56,3.57,1.47,72.45,0.64,7.96,0.00,0.00,2
121,1.51844,13.25,3.76,1.32,72.40,0.58,8.42,0.00,0.00,2
122,1.51663,12.93,3.54,1.62,72.96,0.64,8.03,0.00,0.21,2
123,1.51687,13.23,3.54,1.48,72.84,0.56,8.10,0.00,0.00,2
124,1.51707,13.48,3.48,1.71,72.52,0.62,7.99,0.00,0.00,2
125,1.52177,13.20,3.68,1.15,72.75,0.54,8.52,0.00,0.00,2
126,1.51872,12.93,3.66,1.56,72.51,0.58,8.55,0.00,0.12,2
127,1.51667,12.94,3.61,1.26,72.75,0.56,8.60,0.00,0.00,2
128,1.52081,13.78,2.28,1.43,71.99,0.49,9.85,0.00,0.17,2
129,1.52068,13.55,2.09,1.67,72.18,0.53,9.57,0.27,0.17,2
130,1.52020,13.98,1.35,1.63,71.76,0.39,10.56,0.00,0.18,2
131,1.52177,13.75,1.01,1.36,72.19,0.33,11.14,0.00,0.00,2
158,1.52121,14.03,3.76,0.58,71.79,0.11,9.65,0.00,0.00,3
159,1.51776,13.53,3.41,1.52,72.04,0.58,8.79,0.00,0.00,3
160,1.51796,13.50,3.36,1.63,71.94,0.57,8.81,0.00,0.09,3
172,1.51316,13.02,0.00,3.04,70.48,6.21,6.96,0.00,0.00,5
173,1.51321,13.00,0.00,3.02,70.70,6.21,6.93,0.00,0.00,5
182,1.51888,14.99,0.78,1.74,72.50,0.00,9.95,0.00,0.00,6
183,1.51916,14.15,0.00,2.09,72.74,0.00,10.88,0.00,0.00,6
203,1.51514,14.85,0.00,2.42,73.72,0.00,8.39,0.56,0.00,7
204,1.51658,14.80,0.00,1.99,73.11,0.00,8.28,1.71,0.00,7
205,1.51617,14.95,0.00,2.27,73.30,0.00,8.71,0.67,0.00,7
206,1.51732,14.95,0.00,1.80,72.99,0.00,8.61,1.55,0.00,7
207,1.51645,14.94,0.00,1.87,73.11,0.00,8.67,1.38,0.00,7
208,1.51831,14.39,0.00,1.82,72.86,1.41,6.47,2.88,0.00,7