57,1.51215,12.99,3.47,1.12,72.98,0.62,8.35,0.00,0.31,1
58,1.51824,12.87,3.48,1.29,72.95,0.60,8.43,0.00,0.00,1
59,1.51754,13.48,3.74,1.17,72.99,0.59,8.03,0.00,0.00,1
60,1.51754,13.39,3.66,1.19,72.79,0.57,8.27,0.00,0.11,1
61,1.51905,13.60,3.62,1.11,72.64,0.14,8.76,0.00,0.00,1
62,1.51977,13.81,3.58,1.32,71.72,0.12,8.67,0.69,0.00,1
63,1.52172,13.51,3.86,0.88,71.79,0.23,9.54,0.00,0.11,1
64,1.52227,14.17,3.81,0.78,71.35,0.00,9.69,0.00,0.00,1
65,1.52172,13.48,3.74,0.90,72.01,0.18,9.61,0.00,0.07,1
66,1.52099,13.69,3.59,1.12,71.96,0.09,9.40,0.00,0.00,1
67,1.52152,13.05,3.65,0.87,72.22,0.19,9.85,0.00,0.17,1
68,1.52152,13.05,3.65,0.87,72.32,0.19,9.85,0.00,0.17,1
69,1.52152,13.12,3.58,0.90,72.20,0.23,9.82,0.00,0.16,1
70,1.52300,13.31,3.58,0.82,71.99,0.12,10.17,0.00,0.03,1
132,1.52614,13.70,0.00,1.36,71.24,0.19,13.44,0.00,0.10,2
133,1.51813,13.43,3.98,1.18,72.49,0.58,8.15,0.00,0.00,2
134,1.51800,13.71,3.93,1.54,71.81,0.54,8.21,0.00,0.15,2
135,1.51811,13.33,3.85,1.25,72.78,0.52,8.12,0.00,0.00,2
136,1.51789,13.19,3.90,1.30,72.33,0.55,8.44,0.00,0.28,2
137,1.51806,13.00,3.80,1.08,73.07,0.56,8.38,0.00,0.12,2
138,1.51711,12.89,3.62,1.57,72.96,0.61,8.11,0.00,0.00,2
139,1.51674,12.79,3.52,1.54,73.36,0.66,7.90,0.00,0.00,2
140,1.51674,12.87,3.56,1.64,73.14,0.65,7.99,0.00,0.00,2
141,1.51690,13.33,3.54,1.61,72.54,0.68,8.11,0.00,0.00,2
142,1.51851,13.20,3.63,1.07,72.83,0.57,8.41,0.09,0.17,2
143,1.51662,12.85,3.51,1.44,73.01,0.68,8.23,0.06,0.25,2
144,1.51709,13.00,3.47,1.79,72.72,0.66,8.18,0.00,0.00,2
145,1.51660,12.99,3.18,1.23,72.97,0.58,8.81,0.00,0.24,2
146,1.51839,12.85,3.67,1.24,72.57,0.62,8.68,0.00,0.35,2
161,1.51832,13.33,3.34,1.54,72.14,0.56,8.99,0.00,0.00,3
162,1.51934,13.64,3.54,0.75,72.65,0.16,8.89,0.15,0.24,3
163,1.52211,14.19,3.78,0.91,71.36,0.23,9.14,0.00,0.37,3
174,1.52043,13.38,0.00,1.40,72.25,0.33,12.50,0.00,0.00,5
175,1.52058,12.85,1.61,2.17,72.18,0.76,9.70,0.24,0.51,5
176,1.52119,12.97,0.33,1.51,73.39,0.13,11.27,0.00,0.28,5
184,1.51969,14.56,0.00,0.56,73.48,0.00,11.22,0.00,0.00,6
185,1.51115,17.38,0.00,0.34,75.41,0.00,6.65,0.00,0.00,6
209,1.51640,14.37,0.00,2.74,72.85,0.00,9.45,0.54,0.00,7
210,1.51623,14.14,0.00,2.88,72.61,0.08,9.18,1.06,0.00,7
211,1.51685,14.92,0.00,1.99,73.06,0.00,8.40,1.59,0.00,7
212,1.52065,14.36,0.00,2.02,73.42,0.00,8.44,1.64,0.00,7
213,1.51651,14.38,0.00,1.94,73.61,0.00,8.48,1.57,0.00,7
214,1.51711,14.23,0.00,2.08,73.36,0.00,8.62,1.67,0.00,7